T = 100;
f1 = [2954, 3131, 2946, 3012, 2956, 2933, 3128, 3118, 2881, 2888, 3031, 3036, 2988, 2889, 3114, 3103, 3052, 2983, 3118, 2866, 3076, 3150, 2999, 2928, 3010, 2901, 2936, 2917, 3124, 3115, 3081, 3079, 2881, 3044, 3008, 2860, 3097, 2935, 3025, 3099, 2871, 2988, 3119, 2952, 2915, 2862, 3132, 3048, 2892, 2906, 2875, 3022, 3125, 3028, 3010, 2916, 2889, 2962, 2895, 3048, 2955, 3008, 3089, 3032, 3123, 2949, 2903, 2919, 2906, 3000, 3068, 2872, 2855, 2982, 2882, 3028, 2946, 3077, 2947, 3061, 2992, 2924, 2922, 2989, 3088, 3126, 3024, 3107, 3048, 3119, 2942, 2850, 2882, 2966, 3072, 2872, 3094, 3090, 3100, 2911];
f2 = [5907, 6073, 6115, 5879, 6019, 6087, 5919, 6102, 5993, 6098, 6103, 6186, 5936, 6188, 5993, 6074, 6159, 6039, 6080, 5855, 6099, 6199, 6182, 5914, 6104, 6127, 6162, 6061, 5861, 6015, 5981, 5864, 5915, 6066, 6117, 5943, 6178, 5875, 6081, 6083, 6137, 6096, 6123, 6060, 6048, 5956, 5880, 6172, 6200, 6175, 6124, 6154, 6092, 5977, 5881, 6111, 5953, 6033, 5977, 5994, 5934, 6066, 6144, 6049, 6194, 6151, 5970, 6131, 6133, 5905, 6136, 5995, 6165, 5952, 5969, 6036, 5900, 5945, 6086, 5955, 6077, 6171, 6124, 6014, 5959, 6045, 6150, 5890, 6161, 6013, 6095, 6108, 6032, 6178, 6148, 6064, 5955, 5865, 6118, 6111];

c1 = [0.52, 0.99, 0.56, 0.54, 0.98, 0.81, 0.72, 0.9, 0.59, 0.66, 0.74, 0.88, 0.55, 0.75, 0.66, 0.98, 0.51, 0.51, 0.75, 0.55, 0.62, 0.58, 0.95, 0.75, 0.88, 0.76, 0.7, 0.68, 0.7, 0.82, 0.89, 0.64, 0.75, 0.95, 0.81, 0.63, 0.62, 0.95, 0.8, 0.82, 0.52, 0.82, 1, 0.94, 0.63, 0.74, 0.74, 0.67, 0.62, 0.64, 0.81, 0.93, 0.78, 0.8, 0.61, 0.61, 0.53, 0.9, 0.95, 0.61, 0.71, 0.72, 0.68, 0.59, 0.88, 0.51, 0.9, 0.66, 0.86, 0.94, 0.51, 0.62, 0.52, 0.97, 0.58, 0.98, 0.96, 0.59, 0.93, 0.76, 0.7, 0.94, 0.77, 0.96, 0.85, 0.68, 0.5, 0.72, 0.84, 0.86, 0.74, 0.92, 0.65, 0.83, 0.89, 0.69, 0.82, 0.74, 0.68, 0.81];

b1 = 1550;
b2 = 3070;

Demand = [595, 561, 505, 497, 572, 400, 580, 422, 493, 598, 520, 436, 574, 405, 500, 470, 401, 582, 473, 570, 462, 425, 516, 430, 446, 518, 413, 488, 504, 519, 597, 508, 575, 460, 596, 511, 406, 540, 450, 599, 505, 527, 574, 422, 537, 514, 453, 474, 458, 531, 401, 443, 518, 495, 519, 547, 529, 530, 416, 417, 582, 441, 552, 489, 584, 485, 594, 512, 572, 469, 477, 500, 539, 428, 511, 416, 566, 430, 546, 564, 587, 408, 498, 577, 598, 434, 408, 512, 526, 459, 470, 593, 438, 478, 490, 473, 600, 510, 498, 518];
