T = 40;

Demand = [593, 521, 556, 571, 590, 580, 540, 440, 596, 442, 590, 462, 546, 482, 476, 453, 553, 595, 521, 567, 479, 574, 536, 575, 542, 484, 427, 403, 541, 433, 568, 561, 574, 491, 485, 553, 519, 457, 465, 536];

p_t = [0.52, 0.83, 0.9, 0.73, 0.83, 0.94, 0.87, 0.72, 0.79, 0.77, 0.84, 0.95, 0.6, 0.66, 0.92, 0.77, 0.57, 0.96, 0.68, 0.78, 0.85, 0.81, 0.97, 0.59, 0.55, 0.9, 0.84, 0.88, 0.61, 0.7, 0.62, 0.67, 0.53, 0.96, 0.7, 0.69, 0.63, 0.82, 0.88, 0.96];

q1t = [2936, 2897, 2852, 3001, 3126, 3114, 2996, 2939, 2998, 3017, 2968, 2951, 3028, 3091, 3048, 2966, 2907, 2983, 2982, 3145, 2899, 2977, 3053, 2888, 3003, 2871, 3033, 3099, 3000, 3101, 2925, 2863, 3003, 2918, 2935, 2930, 2904, 3071, 2919, 3145];
q2t = [5954, 6091, 6005, 6154, 6014, 6037, 6119, 5921, 6111, 5987, 6189, 5850, 5946, 6077, 6168, 6147, 5873, 5961, 5879, 6158, 6168, 5921, 6143, 6074, 6184, 6113, 5898, 6170, 6085, 6181, 6105, 6103, 5922, 5874, 5939, 5948, 6093, 5936, 6059, 6126];

C1 = 670;
C2 = 1280;