T = 40;

Demand = [586, 548, 439, 520, 546, 539, 553, 417, 455, 575, 582, 571, 535, 563, 595, 446, 568, 449, 460, 535, 402, 500, 509, 464, 541, 541, 477, 440, 527, 583, 532, 503, 449, 505, 403, 484, 571, 476, 573, 501];

p_t = [0.79, 0.55, 0.77, 0.54, 0.89, 0.85, 0.74, 0.59, 0.59, 0.81, 0.99, 0.83, 0.67, 0.87, 0.85, 0.93, 0.68, 0.95, 0.92, 0.76, 0.87, 0.65, 0.95, 0.96, 0.69, 0.69, 0.93, 0.55, 0.7, 0.65, 0.76, 0.6, 0.78, 0.63, 0.78, 0.62, 0.95, 0.61, 0.68, 0.52];

q1t = [3037, 2857, 3080, 2991, 3042, 3081, 3147, 2912, 2926, 2981, 3138, 2939, 3132, 3137, 2973, 2942, 3055, 3094, 2957, 3000, 2939, 2945, 2985, 3069, 2853, 2933, 3147, 3129, 2949, 3039, 2901, 2863, 2880, 3091, 2896, 2893, 3039, 2974, 2850, 3072];
q2t = [6115, 6128, 6032, 6105, 6076, 5928, 6133, 5907, 5964, 6104, 6175, 5921, 6004, 5868, 6104, 6172, 6019, 6184, 5892, 6198, 6043, 6028, 6078, 5924, 5970, 6200, 5915, 6178, 6056, 6115, 5930, 6006, 5933, 6007, 5968, 5880, 6041, 6052, 6094, 6187];

C1 = 670;
C2 = 1280;