T = 40;

Demand = [547, 505, 407, 484, 541, 464, 433, 442, 417, 497, 598, 409, 588, 418, 502, 586, 501, 577, 503, 463, 417, 520, 485, 588, 455, 519, 521, 449, 455, 485, 414, 445, 453, 464, 545, 495, 430, 569, 600, 453];

p_t = [0.79, 0.93, 0.8, 0.85, 0.77, 0.78, 0.72, 0.87, 0.65, 0.58, 0.63, 0.56, 0.57, 0.59, 0.94, 0.92, 0.96, 0.97, 0.55, 0.8, 0.57, 0.53, 0.96, 0.54, 0.76, 0.8, 0.68, 0.93, 0.62, 0.53, 0.78, 0.88, 0.63, 0.9, 0.97, 0.82, 0.5, 0.56, 0.73, 0.68];

q1t = [2871, 2965, 2969, 2887, 3056, 3037, 2942, 3071, 3029, 3042, 2955, 2929, 2899, 2923, 2862, 2899, 2988, 2862, 2900, 2901, 3087, 3031, 3009, 2862, 3072, 2975, 3054, 3089, 3098, 2961, 3099, 3024, 3062, 3140, 3059, 2916, 2910, 2935, 2925, 3055];
q2t = [6128, 6100, 5966, 6197, 5896, 6168, 6034, 6125, 5915, 6046, 5863, 6121, 5943, 6013, 6075, 6179, 5896, 6021, 6081, 6140, 6128, 5931, 6180, 5962, 6200, 6104, 6158, 5875, 5881, 6173, 5942, 6005, 6197, 6038, 5883, 5996, 5915, 6011, 6086, 6064];

C1 = 670;
C2 = 1280;