T = 40;

Demand = [587, 462, 465, 526, 494, 490, 477, 433, 441, 458, 534, 596, 418, 419, 460, 424, 489, 533, 467, 596, 499, 501, 509, 581, 536, 407, 432, 521, 554, 550, 474, 515, 509, 509, 434, 429, 525, 580, 465, 458];

p_t = [0.72, 0.97, 0.81, 0.52, 0.77, 0.5, 0.53, 0.78, 0.54, 0.9, 0.77, 0.87, 0.63, 0.96, 0.59, 0.8, 0.87, 0.69, 0.71, 0.55, 0.67, 0.72, 0.72, 0.91, 0.84, 0.88, 0.77, 0.97, 0.5, 0.61, 0.68, 0.52, 0.91, 0.99, 0.78, 0.83, 0.5, 0.53, 0.9, 0.62];

q1t = [2981, 2928, 3021, 3093, 3123, 2994, 2961, 3022, 2999, 3067, 2902, 2955, 2958, 3052, 3149, 3118, 2969, 2980, 2897, 3150, 3016, 2881, 2863, 3063, 3068, 3013, 2856, 2926, 2905, 2986, 2869, 3127, 2880, 2851, 2863, 2925, 3068, 2863, 3120, 2943];
q2t = [5997, 5998, 6112, 6169, 6184, 6112, 6063, 5902, 5980, 5926, 6046, 6055, 5869, 6167, 5914, 6022, 5962, 5949, 6039, 6137, 5966, 6037, 5991, 6041, 5952, 5997, 5943, 5893, 6157, 6003, 5960, 6186, 6127, 6143, 5959, 6031, 6059, 6161, 6051, 5902];

C1 = 850;
C2 = 1590;