T = 40;

Demand = [572, 476, 436, 565, 417, 492, 486, 549, 493, 473, 560, 538, 474, 461, 526, 510, 449, 512, 459, 428, 471, 466, 485, 411, 568, 576, 414, 418, 415, 582, 482, 478, 502, 576, 511, 514, 525, 430, 459, 507];

p_t = [0.62, 0.74, 0.67, 0.9, 0.98, 0.64, 0.51, 0.62, 0.61, 0.67, 0.75, 0.85, 0.79, 0.94, 0.6, 0.78, 0.51, 0.77, 0.79, 0.99, 0.69, 0.88, 0.82, 0.6, 0.7, 0.56, 0.84, 0.51, 0.91, 0.8, 0.72, 0.82, 0.7, 0.8, 0.91, 0.57, 0.75, 0.8, 0.59, 0.95];

q1t = [3037, 2857, 3080, 2991, 3042, 3081, 3147, 2912, 2926, 2981, 3138, 2939, 3132, 3137, 2973, 2942, 3055, 3094, 2957, 3000, 2939, 2945, 2985, 3069, 2853, 2933, 3147, 3129, 2949, 3039, 2901, 2863, 2880, 3091, 2896, 2893, 3039, 2974, 2850, 3072];
q2t = [6115, 6128, 6032, 6105, 6076, 5928, 6133, 5907, 5964, 6104, 6175, 5921, 6004, 5868, 6104, 6172, 6019, 6184, 5892, 6198, 6043, 6028, 6078, 5924, 5970, 6200, 5915, 6178, 6056, 6115, 5930, 6006, 5933, 6007, 5968, 5880, 6041, 6052, 6094, 6187];

C1 = 850;
C2 = 1590;