T = 40;

Demand = [411, 498, 464, 556, 600, 481, 548, 514, 403, 413, 529, 461, 524, 408, 485, 598, 491, 459, 594, 548, 579, 573, 540, 442, 442, 496, 406, 573, 517, 474, 419, 514, 485, 464, 475, 442, 547, 422, 600, 430];

p_t = [0.88, 0.64, 0.69, 0.78, 0.92, 0.56, 0.61, 0.86, 0.64, 0.7, 0.9, 0.88, 0.95, 0.81, 0.51, 0.73, 0.53, 0.93, 0.65, 0.77, 0.61, 0.5, 0.89, 0.8, 0.94, 0.76, 0.65, 0.59, 0.59, 0.94, 0.57, 0.96, 0.98, 0.51, 0.92, 0.96, 0.87, 0.81, 0.9, 0.86];

q1t = [3059, 2921, 2908, 2929, 2986, 2967, 2860, 2967, 2936, 3077, 2937, 2887, 2906, 3104, 2901, 2858, 2962, 3053, 3145, 3055, 2971, 2902, 3115, 2865, 2997, 2897, 2997, 2855, 2963, 2919, 2933, 3146, 3015, 2992, 2967, 2975, 3069, 3096, 3021, 3020];
q2t = [5996, 5903, 5910, 6182, 5975, 6023, 6080, 6032, 6024, 5980, 5889, 6028, 6190, 6188, 5977, 5861, 5873, 6017, 6028, 5865, 6199, 5943, 6143, 5997, 5938, 6109, 6044, 5957, 5953, 5893, 5873, 6024, 5943, 6092, 6064, 6184, 6053, 6066, 6109, 5902];

C1 = 850;
C2 = 1590;