T = 60;

Demand = [501, 515, 467, 459, 411, 474, 591, 418, 497, 478, 434, 425, 596, 452, 545, 481, 409, 497, 529, 465, 585, 524, 422, 437, 520, 513, 586, 563, 544, 426, 553, 485, 451, 566, 563, 432, 449, 568, 474, 517, 516, 406, 556, 530, 468, 411, 497, 508, 525, 507, 552, 477, 568, 525, 550, 487, 580, 481, 415, 497];

p_t = [0.92, 0.9, 0.67, 0.85, 0.89, 0.53, 0.6, 0.96, 0.55, 0.75, 0.61, 0.83, 0.68, 0.72, 0.55, 0.77, 0.87, 0.89, 0.57, 0.55, 0.82, 0.6, 0.69, 0.79, 0.81, 0.66, 0.79, 0.71, 0.88, 0.77, 0.78, 0.57, 0.7, 0.68, 0.85, 0.93, 0.63, 0.52, 0.81, 0.92, 0.51, 1, 0.85, 0.68, 0.53, 0.75, 0.91, 0.94, 0.71, 0.79, 0.79, 0.6, 0.91, 0.84, 0.92, 0.57, 0.52, 0.97, 0.77, 0.93];

q1t = [2888, 3133, 2905, 2931, 2876, 3130, 3036, 2921, 2971, 2964, 3021, 2861, 3050, 3106, 3043, 3020, 2902, 2883, 3035, 3133, 3121, 3055, 3036, 2973, 2896, 3083, 2882, 2891, 3146, 2975, 2864, 2923, 2876, 2865, 2924, 2925, 3103, 2900, 2922, 2927, 2879, 2899, 2981, 3062, 3085, 3130, 2954, 2992, 2907, 2951, 3073, 2948, 3019, 2972, 3028, 3086, 2898, 3074, 3055, 2938];
q2t = [5986, 5915, 5904, 6141, 5974, 6037, 5871, 6031, 6040, 5877, 5988, 5860, 5938, 5934, 5916, 5886, 6092, 5943, 6093, 6167, 6178, 6004, 6077, 6023, 6027, 5896, 6054, 6089, 6064, 5872, 6171, 6129, 6151, 5882, 5982, 6147, 5954, 5947, 5855, 6091, 5911, 5913, 5861, 5918, 5904, 6084, 6190, 6052, 6039, 6042, 5954, 5998, 5868, 5851, 6058, 6014, 6184, 6096, 6101, 6196];

C1 = 960;
C2 = 1970;