T = 60;

Demand = [561, 574, 555, 551, 501, 407, 410, 506, 432, 412, 561, 449, 494, 539, 546, 453, 451, 441, 497, 540, 483, 528, 438, 411, 537, 525, 474, 428, 482, 426, 564, 450, 580, 583, 400, 448, 529, 510, 408, 449, 527, 484, 404, 520, 406, 407, 467, 484, 401, 487, 576, 501, 435, 511, 428, 432, 404, 560, 450, 556];

p_t = [0.81, 0.62, 1, 0.91, 0.88, 0.79, 0.72, 0.81, 0.64, 0.77, 0.7, 0.67, 0.53, 0.63, 0.51, 0.95, 0.66, 0.79, 0.67, 0.66, 0.81, 0.8, 0.52, 0.66, 0.99, 0.97, 0.95, 0.62, 0.73, 0.73, 0.9, 0.88, 0.52, 0.89, 0.61, 0.79, 0.87, 0.85, 0.5, 0.81, 0.88, 0.74, 0.83, 0.6, 0.51, 0.87, 0.79, 0.63, 0.88, 0.57, 0.62, 0.73, 0.57, 0.56, 0.56, 0.93, 0.65, 0.86, 0.63, 0.79];

q1t = [3113, 2872, 2939, 3058, 3117, 3116, 3126, 2953, 3126, 2934, 3121, 3014, 2986, 2909, 3000, 2891, 3066, 2912, 2935, 2930, 2872, 2979, 3107, 3122, 2906, 3017, 3130, 3074, 3104, 3050, 2892, 3098, 3060, 2953, 3130, 2866, 2982, 3015, 3104, 2873, 3139, 3110, 2972, 2902, 3087, 2961, 2889, 2947, 2949, 3074, 2866, 3116, 2956, 2999, 3044, 2896, 3007, 3100, 3033, 3135];
q2t = [6100, 5972, 6175, 5858, 5997, 6188, 6066, 6092, 5888, 6119, 5894, 5868, 5971, 6142, 5903, 6086, 6156, 6119, 5967, 6122, 5920, 5873, 6175, 5910, 6165, 5864, 6032, 5897, 6123, 6196, 6073, 5949, 5939, 6135, 5927, 5968, 5938, 6171, 6063, 6031, 5998, 6068, 6008, 6062, 6136, 6006, 6156, 5878, 5876, 5964, 5986, 6196, 5952, 6118, 6007, 6131, 6001, 6117, 6092, 6109];

C1 = 960;
C2 = 1970;