T = 60;

Demand = [549, 437, 500, 431, 479, 469, 459, 591, 409, 537, 407, 417, 413, 447, 585, 425, 565, 478, 572, 406, 417, 485, 515, 494, 424, 470, 456, 512, 503, 412, 415, 441, 498, 464, 590, 421, 491, 427, 577, 549, 414, 518, 521, 511, 458, 566, 549, 475, 418, 447, 469, 444, 465, 438, 479, 586, 430, 538, 474, 486];

p_t = [0.57, 0.56, 0.67, 0.52, 0.85, 0.56, 0.87, 0.72, 0.89, 0.95, 0.86, 0.53, 0.67, 0.88, 0.81, 0.63, 0.88, 0.8, 0.8, 0.7, 0.73, 0.8, 0.52, 0.68, 0.69, 0.57, 0.76, 0.99, 0.84, 0.93, 0.97, 0.57, 0.85, 0.55, 0.65, 0.69, 0.82, 0.8, 0.6, 0.51, 0.69, 0.77, 0.54, 0.53, 0.75, 0.63, 0.71, 0.87, 0.93, 0.83, 0.71, 0.9, 0.54, 1, 0.68, 0.91, 0.62, 0.76, 0.58, 0.97];

q1t = [3046, 3088, 3149, 3116, 2869, 3088, 2931, 3100, 3001, 3125, 3122, 2853, 2981, 2936, 3063, 3086, 2918, 2919, 2988, 2871, 2963, 2981, 2942, 3026, 2946, 2863, 3088, 3027, 2920, 2951, 2861, 3095, 3059, 2981, 2988, 2903, 2883, 3087, 2982, 2923, 2973, 2858, 3017, 3027, 3065, 3005, 3098, 2923, 2964, 2907, 3112, 3055, 2852, 2952, 2927, 2917, 3043, 3127, 2885, 3028];
q2t = [5951, 6100, 6111, 5877, 5934, 5860, 5997, 6134, 6037, 6081, 5997, 6160, 5862, 6136, 6010, 5945, 5979, 5899, 5972, 6083, 5933, 5983, 6158, 5866, 5950, 5918, 5889, 5975, 6096, 6149, 6018, 5913, 6000, 6000, 5901, 6040, 5914, 6086, 5953, 6092, 6108, 6039, 5863, 6116, 6189, 5991, 6007, 6199, 6170, 5880, 5882, 6043, 5899, 6126, 6124, 6179, 5960, 5955, 5919, 6059];

C1 = 870;
C2 = 1590;