T = 60;

Demand = [501, 515, 467, 459, 411, 474, 591, 418, 497, 478, 434, 425, 596, 452, 545, 481, 409, 497, 529, 465, 585, 524, 422, 437, 520, 513, 586, 563, 544, 426, 553, 485, 451, 566, 563, 432, 449, 568, 474, 517, 516, 406, 556, 530, 468, 411, 497, 508, 525, 507, 552, 477, 568, 525, 550, 487, 580, 481, 415, 497];

p_t = [0.65, 0.82, 0.84, 0.8, 0.97, 0.9, 0.52, 0.67, 0.83, 0.51, 0.53, 0.66, 0.77, 0.98, 1, 0.52, 0.76, 0.99, 0.54, 0.92, 0.52, 1, 0.85, 0.92, 0.81, 0.56, 0.55, 0.63, 0.88, 0.81, 0.67, 0.84, 0.88, 0.73, 0.86, 0.97, 0.8, 0.66, 0.69, 0.65, 0.67, 0.8, 0.85, 0.78, 0.57, 0.96, 0.71, 0.74, 0.85, 0.99, 0.96, 0.98, 0.57, 0.64, 0.86, 0.85, 0.56, 0.86, 0.51, 0.75];

q1t = [2993, 3097, 2970, 2955, 3095, 2854, 3050, 2952, 2873, 3057, 3142, 2865, 2862, 2918, 3094, 2903, 2996, 2902, 2895, 3077, 3061, 2940, 2999, 3051, 2926, 2970, 2860, 3129, 2915, 2948, 3119, 3144, 3062, 3048, 2893, 2944, 3016, 2996, 2915, 2870, 2864, 3008, 2893, 3090, 2885, 3087, 2862, 3012, 3141, 2899, 3148, 3145, 2921, 3004, 3133, 3002, 3136, 3068, 3097, 3066];
q2t = [6145, 6073, 6111, 5976, 6147, 6190, 6023, 6136, 6110, 6063, 6167, 6010, 6030, 6014, 6184, 5956, 5968, 5867, 5964, 6062, 6123, 5928, 6041, 5971, 5994, 5871, 5923, 6077, 6065, 6061, 5992, 5911, 6083, 6185, 5936, 6158, 6008, 5953, 5921, 6025, 6021, 5912, 6090, 5997, 6134, 6124, 5863, 6130, 5903, 5959, 6087, 5865, 5920, 6131, 6131, 6120, 6075, 6148, 6074, 5922];

C1 = 870;
C2 = 1590;