T = 60;

Demand = [452, 461, 537, 467, 417, 516, 465, 409, 455, 539, 445, 510, 565, 415, 562, 493, 499, 463, 412, 551, 587, 401, 412, 439, 513, 475, 572, 495, 547, 577, 587, 492, 453, 468, 457, 588, 496, 450, 456, 463, 599, 539, 491, 569, 570, 461, 411, 448, 402, 581, 484, 584, 574, 471, 598, 525, 467, 506, 451, 442];

p_t = [0.82, 0.92, 0.94, 0.8, 0.77, 0.98, 0.92, 0.8, 0.6, 0.57, 0.56, 0.6, 0.95, 0.72, 0.89, 0.99, 0.98, 0.87, 0.57, 0.73, 0.66, 0.53, 0.72, 0.86, 0.86, 0.76, 0.66, 0.79, 0.86, 0.86, 0.86, 0.68, 0.78, 0.55, 0.65, 0.98, 0.83, 0.58, 0.57, 0.55, 0.97, 0.57, 0.84, 0.51, 0.87, 0.51, 0.73, 0.57, 0.68, 0.61, 0.82, 0.64, 0.58, 0.7, 0.87, 0.99, 0.73, 0.8, 1, 0.56];

q1t = [3102, 3013, 3064, 2951, 3023, 3100, 3004, 2997, 2963, 3001, 3029, 2927, 2906, 2906, 3094, 3093, 3038, 2879, 2898, 3018, 3150, 2870, 3022, 3125, 2893, 2998, 2893, 3029, 2921, 2908, 2997, 3029, 3060, 2852, 3059, 3102, 3128, 3068, 2967, 3108, 2855, 2951, 3010, 3015, 3020, 2924, 2917, 2958, 3095, 3094, 3101, 3064, 2970, 3084, 2935, 2862, 2865, 3053, 2860, 2953];
q2t = [5866, 6131, 5960, 6011, 6052, 5981, 6039, 6039, 6116, 5882, 6055, 5863, 5898, 5898, 5911, 6113, 6050, 6164, 5856, 6092, 6117, 6186, 6153, 6022, 5910, 6147, 6078, 5896, 5891, 6178, 6166, 5960, 6104, 5857, 6116, 6049, 5991, 6198, 5955, 5938, 5951, 5963, 6023, 6075, 5916, 6075, 5989, 6165, 5917, 5922, 6034, 5871, 6114, 6002, 5893, 6129, 5968, 5987, 6011, 6117];

C1 = 870;
C2 = 1590;