T = 80;

Demand = [583, 571, 502, 400, 573, 480, 410, 587, 528, 573, 542, 455, 421, 475, 424, 600, 415, 452, 586, 507, 442, 520, 532, 408, 567, 555, 560, 425, 503, 460, 507, 558, 430, 582, 585, 429, 414, 463, 528, 407, 419, 579, 538, 587, 499, 596, 407, 557, 574, 504, 451, 473, 418, 453, 426, 486, 453, 434, 589, 438, 558, 427, 432, 532, 497, 567, 535, 417, 416, 578, 407, 572, 506, 438, 447, 419, 427, 519, 410, 585];

p_t = [0.85, 0.93, 0.91, 0.97, 0.57, 0.85, 0.88, 0.96, 0.75, 0.63, 0.92, 0.52, 0.96, 0.8, 0.81, 0.56, 0.72, 0.85, 0.86, 0.71, 0.96, 0.53, 0.84, 0.58, 0.55, 0.96, 0.87, 0.87, 0.77, 0.61, 0.69, 0.93, 0.68, 0.85, 0.57, 0.69, 0.57, 0.95, 0.95, 0.65, 0.76, 0.75, 0.55, 0.97, 0.89, 0.73, 0.75, 0.6, 0.63, 0.82, 0.88, 0.76, 0.88, 0.84, 0.94, 0.83, 0.68, 0.54, 0.72, 0.92, 0.73, 0.97, 0.54, 0.91, 0.98, 0.87, 0.82, 0.54, 0.55, 0.62, 0.83, 0.66, 0.52, 0.75, 0.8, 0.51, 0.69, 0.63, 0.92, 0.85];

q1t = [3016, 2872, 3006, 3039, 3138, 2869, 2912, 2936, 2983, 2909, 3039, 2865, 2959, 2947, 2964, 2860, 3089, 3110, 3069, 3131, 2949, 2992, 2962, 2963, 3123, 2899, 2870, 3046, 3081, 3011, 2882, 2982, 2910, 2872, 2882, 3069, 2853, 3080, 3122, 2924, 2996, 2909, 2936, 3022, 3004, 2957, 3025, 3086, 2991, 3033, 2892, 2899, 2918, 3043, 3069, 3072, 2947, 2971, 3074, 3036, 2875, 2971, 3127, 2892, 3052, 2935, 2924, 3100, 2944, 3107, 2890, 2924, 2866, 2889, 2888, 2923, 2858, 2975, 2856, 2908];
q2t = [5937, 6198, 6126, 5946, 6070, 6066, 6186, 5990, 6168, 6017, 5988, 6043, 5977, 6058, 6085, 5920, 5960, 5932, 5851, 5981, 5954, 6181, 5901, 6156, 6154, 6180, 5870, 6173, 6145, 5935, 5992, 5905, 5871, 5872, 5954, 5868, 6052, 5887, 6011, 6046, 6103, 6051, 6193, 6159, 5931, 6164, 5865, 6031, 5998, 5968, 5938, 6141, 5907, 5963, 6175, 6185, 5901, 5885, 5910, 6031, 6151, 6153, 5855, 6165, 6151, 5992, 5898, 5974, 6149, 6192, 6133, 5913, 6125, 6045, 6124, 6030, 6107, 6064, 6035, 5897];

C1 = 960;
C2 = 1970;