T = 80;

Demand = [545, 463, 567, 439, 567, 563, 464, 427, 548, 562, 517, 400, 599, 598, 447, 523, 541, 449, 439, 600, 590, 536, 567, 496, 523, 589, 510, 523, 508, 483, 473, 523, 439, 413, 435, 405, 556, 410, 480, 422, 555, 434, 441, 597, 427, 590, 491, 590, 478, 564, 577, 425, 472, 520, 585, 542, 543, 410, 441, 469, 410, 550, 567, 475, 422, 508, 588, 538, 492, 512, 433, 487, 558, 414, 583, 591, 458, 443, 579, 532];

p_t = [0.92, 0.85, 0.95, 1, 0.65, 0.59, 0.55, 0.61, 0.68, 0.78, 0.67, 0.81, 0.97, 0.76, 0.84, 0.71, 0.85, 0.99, 0.74, 0.72, 0.75, 0.82, 0.58, 0.82, 0.63, 0.77, 0.6, 0.58, 0.93, 0.6, 0.59, 0.98, 0.56, 0.65, 0.95, 0.89, 0.91, 0.91, 1, 0.64, 0.7, 0.75, 0.76, 0.87, 0.7, 0.73, 0.76, 0.96, 0.88, 0.71, 0.91, 0.55, 0.77, 0.58, 0.82, 0.91, 0.53, 0.59, 0.66, 0.97, 0.85, 0.85, 0.97, 0.63, 0.77, 0.79, 0.98, 0.78, 0.89, 0.63, 0.58, 0.73, 0.72, 0.9, 0.55, 0.93, 0.97, 0.91, 0.61, 0.92];

q1t = [2853, 2891, 3104, 2950, 2859, 2926, 3146, 2909, 3138, 3122, 2895, 3020, 2964, 2981, 2972, 2852, 3052, 3061, 2909, 2968, 2946, 2949, 2886, 2890, 2936, 3113, 3051, 2869, 3077, 3080, 3148, 3145, 2898, 2975, 2883, 2979, 2957, 2894, 3146, 2853, 2987, 3097, 2883, 3138, 3143, 2935, 3091, 2990, 2995, 3114, 3073, 2970, 2968, 3076, 2923, 3106, 2940, 2873, 3017, 2861, 3129, 2907, 3120, 2940, 2937, 2997, 3077, 2882, 3025, 3129, 3138, 3025, 3000, 2919, 2953, 2907, 3061, 2881, 3078, 2947];
q2t = [6188, 6165, 6135, 5859, 6042, 6117, 6163, 5933, 5904, 6106, 6044, 6180, 5882, 6034, 6141, 6160, 6127, 6175, 6193, 6139, 6029, 5961, 6093, 5927, 5856, 6163, 6103, 5946, 6143, 5972, 6174, 6052, 5985, 6093, 5876, 6051, 5912, 5850, 6116, 5912, 5964, 6185, 5987, 6032, 5887, 5896, 6006, 6014, 6121, 5976, 6190, 6157, 6096, 5898, 6025, 6139, 6172, 6031, 6074, 5995, 5967, 6067, 5852, 6199, 6023, 5859, 6134, 6018, 6031, 5927, 5943, 6010, 6022, 6092, 6107, 5977, 6044, 6121, 6140, 5990];

C1 = 960;
C2 = 1970;