T = 80;

Demand = [583, 571, 502, 400, 573, 480, 410, 587, 528, 573, 542, 455, 421, 475, 424, 600, 415, 452, 586, 507, 442, 520, 532, 408, 567, 555, 560, 425, 503, 460, 507, 558, 430, 582, 585, 429, 414, 463, 528, 407, 419, 579, 538, 587, 499, 596, 407, 557, 574, 504, 451, 473, 418, 453, 426, 486, 453, 434, 589, 438, 558, 427, 432, 532, 497, 567, 535, 417, 416, 578, 407, 572, 506, 438, 447, 419, 427, 519, 410, 585];

p_t = [0.86, 0.84, 0.57, 0.77, 0.51, 0.62, 0.98, 0.6, 0.57, 0.85, 0.92, 0.88, 0.51, 0.94, 0.57, 0.55, 0.55, 0.57, 0.76, 0.6, 0.9, 0.95, 0.55, 0.76, 0.8, 0.61, 0.99, 0.76, 0.6, 0.93, 0.67, 0.65, 0.78, 0.6, 0.65, 0.68, 0.69, 0.71, 0.71, 0.96, 0.89, 0.67, 0.86, 0.9, 0.71, 0.93, 0.88, 0.9, 0.56, 0.72, 0.67, 0.59, 0.59, 0.65, 0.67, 0.68, 0.61, 0.72, 0.52, 0.6, 0.57, 0.79, 0.67, 0.57, 0.71, 0.78, 0.88, 0.99, 0.86, 0.89, 0.94, 0.77, 0.89, 0.68, 0.66, 0.53, 0.52, 0.51, 0.5, 0.63];

q1t = [3149, 3011, 3028, 2983, 2964, 2861, 2884, 2975, 2927, 2854, 3090, 2850, 2996, 3085, 2968, 3132, 3081, 3127, 3025, 2894, 2852, 2868, 3114, 3124, 2899, 3079, 3049, 3107, 2899, 3081, 2971, 2940, 2909, 3097, 3098, 3059, 3076, 2933, 2909, 2925, 3103, 2961, 2913, 2938, 3089, 3116, 2971, 2957, 3034, 3023, 3052, 2977, 3103, 3080, 3112, 2935, 2885, 2932, 3086, 2896, 3093, 2876, 2856, 3043, 2856, 2875, 2921, 3084, 2949, 2902, 2932, 2994, 3040, 3072, 2991, 2941, 2971, 3111, 2878, 2976];
q2t = [6167, 6160, 5996, 5883, 5896, 6007, 6088, 6072, 5873, 6194, 6160, 5862, 6143, 6083, 5905, 5970, 6156, 6184, 5974, 5854, 5951, 5960, 5936, 5983, 6092, 5907, 6008, 5885, 5945, 6113, 6114, 6061, 5904, 6193, 6150, 6024, 5904, 5963, 6049, 6026, 6140, 5851, 6078, 6160, 5991, 6053, 6072, 6115, 6152, 6047, 6177, 5875, 5873, 6075, 5930, 6142, 5892, 5912, 5936, 5948, 6048, 6001, 5939, 5902, 5876, 5884, 6173, 6085, 6166, 6013, 6035, 6164, 6135, 6121, 5928, 6195, 5948, 5934, 6142, 6048];

C1 = 1310;
C2 = 2570;