T = 80;

Demand = [428, 530, 560, 410, 474, 577, 512, 552, 577, 550, 510, 453, 532, 495, 545, 455, 463, 446, 410, 478, 438, 550, 565, 494, 562, 520, 575, 596, 454, 455, 491, 565, 509, 479, 465, 451, 524, 559, 536, 472, 417, 465, 467, 532, 451, 492, 578, 519, 533, 457, 491, 519, 422, 495, 514, 548, 513, 573, 515, 487, 447, 543, 507, 531, 417, 414, 406, 548, 485, 429, 578, 482, 548, 424, 490, 546, 454, 421, 534, 507];

p_t = [0.53, 0.67, 0.78, 0.79, 0.71, 0.98, 0.76, 0.95, 0.69, 0.51, 0.89, 0.63, 0.79, 0.6, 0.7, 0.98, 0.85, 0.62, 0.86, 0.77, 0.91, 0.73, 0.77, 0.83, 0.75, 0.79, 0.74, 0.69, 0.62, 0.96, 0.67, 0.56, 0.64, 0.62, 0.66, 0.52, 0.57, 0.65, 0.78, 0.72, 0.83, 0.56, 0.97, 0.57, 0.93, 0.6, 0.6, 0.84, 0.52, 0.55, 0.56, 0.75, 0.8, 0.86, 0.72, 0.57, 0.98, 0.76, 0.81, 0.77, 0.66, 0.85, 0.89, 0.71, 0.85, 0.68, 0.69, 0.92, 0.65, 0.62, 0.73, 0.66, 0.74, 0.64, 0.73, 0.62, 0.77, 0.7, 0.83, 0.81];

q1t = [2975, 3147, 2890, 3131, 3131, 3052, 2994, 2920, 3079, 2880, 3093, 2975, 2984, 2978, 3062, 3046, 3089, 3086, 3021, 2945, 3126, 2867, 3056, 3087, 3092, 2893, 2919, 2954, 3142, 2988, 2908, 2902, 2881, 3061, 3019, 2861, 3081, 2898, 2884, 3025, 2939, 2931, 2892, 3146, 3092, 3047, 2898, 2937, 3035, 3057, 3013, 2957, 2925, 2921, 2923, 2924, 2995, 3145, 2865, 3071, 3098, 3103, 2946, 2988, 2855, 2936, 3104, 3118, 3091, 2968, 2932, 3139, 2851, 3075, 2933, 2898, 3035, 2957, 3074, 3105];
q2t = [6075, 6136, 6194, 5958, 5907, 6126, 5867, 6171, 6085, 6150, 6102, 6175, 6140, 6001, 6137, 5858, 6026, 6142, 6098, 5932, 5917, 5875, 5958, 6072, 5877, 5951, 5880, 5863, 6101, 6188, 6019, 6113, 6039, 6180, 5976, 5888, 5901, 5929, 5890, 6132, 6174, 6120, 5864, 6196, 6019, 6059, 6154, 5985, 6059, 6165, 5991, 6100, 5896, 6164, 5889, 6085, 5980, 5958, 6067, 5938, 5946, 6041, 5864, 6127, 5974, 5965, 6122, 6115, 6148, 5978, 6026, 6189, 6056, 5943, 5894, 5888, 5935, 5865, 6111, 6008];

C1 = 1310;
C2 = 2570;