m = 50;

f1 = [2977, 2861, 3055, 3007, 3124, 3083, 2855, 2990, 2917, 3126, 3105, 2887, 2869, 2904, 3070, 2993, 3003, 3028, 3074, 3026, 2957, 2884, 3070, 3088, 2890, 3046, 3065, 3116, 3079, 2870, 2933, 3044, 2917, 3073, 2889, 2985, 2964, 2983, 3089, 3135, 3016, 3076, 2925, 3082, 2951, 2978, 2917, 2901, 2885, 3116];
f2 = [6082, 5987, 6007, 5927, 5918, 6058, 5924, 6065, 6097, 6080, 6051, 5907, 5970, 5991, 6083, 5966, 6084, 5932, 6014, 5982, 6039, 6074, 5986, 6033, 5908, 6047, 5990, 5973, 5977, 5902, 6019, 6086, 6035, 5976, 5925, 5960, 5921, 5932, 6007, 6028, 6039, 6069, 6000, 6089, 5912, 5930, 5961, 5975, 5978, 5957];

c1 = [0.75, 0.81, 0.79, 0.85, 0.66, 0.87, 0.76, 0.93, 0.56, 0.94, 0.86, 0.69, 0.56, 0.84, 0.99, 0.75, 0.56, 0.95, 0.71, 0.59, 0.91, 0.84, 0.95, 0.56, 0.80, 0.70, 0.97, 0.85, 0.79, 0.96, 0.95, 0.79, 0.97, 0.99, 0.99, 0.66, 0.81, 0.71, 0.96, 0.75, 0.70, 0.59, 0.95, 0.50, 0.96, 0.76, 0.66, 0.91, 0.62, 0.62];
c2 = [0.75, 0.81, 0.79, 0.85, 0.66, 0.87, 0.76, 0.93, 0.56, 0.94, 0.86, 0.69, 0.56, 0.84, 0.99, 0.75, 0.56, 0.95, 0.71, 0.59, 0.91, 0.84, 0.95, 0.56, 0.80, 0.70, 0.97, 0.85, 0.79, 0.96, 0.95, 0.79, 0.97, 0.99, 0.99, 0.66, 0.81, 0.71, 0.96, 0.75, 0.70, 0.59, 0.95, 0.50, 0.96, 0.76, 0.66, 0.91, 0.62, 0.62];

b1 = 800;
b2 = 1600;

Demand = [466, 486, 400, 445, 498, 429, 476, 468, 497, 443, 411, 464, 462, 458, 497, 480, 416, 453, 436, 490, 415, 426, 474, 427, 484, 499, 477, 431, 489, 462, 455, 468, 451, 416, 437, 425, 441, 426, 487, 492, 443, 453, 447, 410, 451, 459, 448, 425, 463, 452];