m = 50;
f1 = [2898, 2981, 2896, 3112, 2926, 3076, 3131, 2989, 3086, 3066, 2977, 2903, 3071, 2891, 2939, 3144, 3048, 3136, 2861, 3075, 3004, 3110, 3120, 2939, 2944, 2854, 3018, 3061, 2969, 3060, 2928, 3087, 2990, 3126, 3137, 2922, 2974, 2866, 2964, 3136, 3027, 2876, 3005, 3050, 3082, 3042, 3006, 2905, 2990, 2988];
f2 = [5985, 5872, 5920, 6108, 5870, 5988, 5961, 6140, 6183, 6149, 6043, 5995, 5911, 6094, 6082, 6135, 6185, 6088, 6048, 6006, 5931, 6038, 5900, 5981, 5866, 5870, 6043, 5935, 6116, 5978, 5876, 6179, 5973, 5928, 5910, 6065, 6135, 6149, 6007, 6004, 6103, 6161, 5893, 6153, 6093, 5964, 5909, 6099, 5867, 6115];

c1 = [0.62, 0.9, 0.52, 0.79, 0.88, 0.77, 0.72, 0.96, 0.68, 0.74, 0.68, 1, 0.89, 0.65, 0.5, 0.93, 0.64, 0.86, 0.91, 0.55, 0.98, 0.9, 0.63, 0.69, 0.55, 0.7, 0.91, 0.7, 0.79, 0.97, 0.77, 0.91, 0.96, 0.59, 0.87, 0.65, 0.63, 0.77, 0.74, 0.75, 0.81, 0.87, 0.54, 0.73, 0.82, 0.97, 0.83, 0.6, 0.83, 0.58];
c2 = [0.62, 0.9, 0.52, 0.79, 0.88, 0.77, 0.72, 0.96, 0.68, 0.74, 0.68, 1, 0.89, 0.65, 0.5, 0.93, 0.64, 0.86, 0.91, 0.55, 0.98, 0.9, 0.63, 0.69, 0.55, 0.7, 0.91, 0.7, 0.79, 0.97, 0.77, 0.91, 0.96, 0.59, 0.87, 0.65, 0.63, 0.77, 0.74, 0.75, 0.81, 0.87, 0.54, 0.73, 0.82, 0.97, 0.83, 0.6, 0.83, 0.58];

b1 = 800;
b2 = 1600;

Demand = [450, 482, 481, 476, 441, 410, 478, 476, 417, 455, 400, 469, 410, 486, 429, 449, 404, 473, 432, 495, 500, 417, 407, 438, 411, 480, 473, 489, 471, 492, 408, 454, 407, 426, 463, 437, 498, 410, 420, 457, 415, 477, 447, 450, 430, 497, 439, 493, 443, 498];
