m = 50;
f1 = [2919, 3039, 3124, 2962, 3043, 3026, 3100, 2883, 3002, 2926, 3002, 3048, 3060, 3005, 3030, 2985, 3059, 3034, 2858, 3073, 3052, 3128, 3133, 2936, 3023, 2949, 3023, 2908, 2850, 3024, 2998, 3042, 2969, 3079, 2906, 3129, 3130, 2852, 2938, 2966, 2852, 2937, 3031, 2965, 3093, 2935, 2936, 2987, 3048, 3144];
f2 = [6147, 6083, 6062, 6165, 6154, 5993, 6073, 6079, 5948, 6014, 5897, 5883, 6115, 5876, 6050, 6069, 5886, 6143, 5868, 6168, 6026, 6017, 6114, 6030, 6100, 5873, 6016, 6193, 6130, 6196, 5913, 5998, 5867, 6132, 5935, 5879, 6194, 5869, 5863, 6039, 6196, 5882, 5926, 6159, 6064, 6186, 6025, 5882, 6160, 6151];

c1 = [0.7, 0.51, 0.86, 0.6, 0.51, 0.9, 0.6, 0.74, 0.52, 0.88, 0.51, 0.77, 0.97, 0.68, 0.7, 0.71, 0.95, 0.54, 0.57, 0.68, 0.91, 0.72, 0.7, 0.63, 0.53, 0.92, 0.57, 0.88, 0.69, 0.56, 0.56, 0.84, 0.8, 0.7, 0.64, 0.89, 0.66, 0.5, 0.94, 0.62, 0.77, 0.76, 0.86, 0.59, 0.89, 0.5, 0.99, 0.58, 0.62, 0.71];
c2 = [0.7, 0.51, 0.86, 0.6, 0.51, 0.9, 0.6, 0.74, 0.52, 0.88, 0.51, 0.77, 0.97, 0.68, 0.7, 0.71, 0.95, 0.54, 0.57, 0.68, 0.91, 0.72, 0.7, 0.63, 0.53, 0.92, 0.57, 0.88, 0.69, 0.56, 0.56, 0.84, 0.8, 0.7, 0.64, 0.89, 0.66, 0.5, 0.94, 0.62, 0.77, 0.76, 0.86, 0.59, 0.89, 0.5, 0.99, 0.58, 0.62, 0.71];

b1 = 800;
b2 = 1600;

Demand = [460, 475, 401, 477, 491, 473, 493, 483, 483, 438, 419, 442, 495, 478, 412, 435, 463, 411, 484, 428, 443, 478, 470, 440, 453, 461, 465, 458, 453, 457, 433, 492, 494, 409, 417, 479, 493, 485, 436, 448, 406, 428, 494, 401, 462, 419, 430, 437, 499, 455];