m = 50;
f1 = [3056, 3130, 3110, 2912, 2991, 2935, 2953, 3017, 3105, 3063, 3100, 2980, 3025, 2926, 2994, 2937, 2866, 3117, 3005, 3001, 3146, 2884, 2918, 2966, 3116, 3066, 2950, 2896, 2983, 3042, 3057, 3104, 2921, 3025, 2884, 3083, 3115, 2932, 2858, 2962, 2863, 2882, 2958, 2911, 2925, 2894, 2956, 2976, 3094, 3072];
f2 = [6147, 6083, 6062, 6165, 6154, 5993, 6073, 6079, 5948, 6014, 5897, 5883, 6115, 5876, 6050, 6069, 5886, 6143, 5868, 6168, 6026, 6017, 6114, 6030, 6100, 5873, 6016, 6193, 6130, 6196, 5913, 5998, 5867, 6132, 5935, 5879, 6194, 5869, 5863, 6039, 6196, 5882, 5926, 6159, 6064, 6186, 6025, 5882, 6160, 6151];

c1 = [0.69, 0.68, 0.61, 0.83, 0.59, 0.62, 0.51, 0.66, 0.96, 0.97, 0.55, 0.69, 0.8, 0.77, 0.5, 0.8, 0.91, 0.96, 0.83, 0.59, 0.73, 0.99, 0.96, 0.55, 0.58, 0.87, 0.92, 0.86, 0.75, 0.53, 0.56, 0.53, 0.52, 0.8, 0.94, 0.65, 0.83, 0.84, 0.64, 0.59, 0.88, 0.62, 0.77, 0.57, 0.91, 0.69, 0.54, 0.9, 0.62, 0.53];
c2 = [0.69, 0.68, 0.61, 0.83, 0.59, 0.62, 0.51, 0.66, 0.96, 0.97, 0.55, 0.69, 0.8, 0.77, 0.5, 0.8, 0.91, 0.96, 0.83, 0.59, 0.73, 0.99, 0.96, 0.55, 0.58, 0.87, 0.92, 0.86, 0.75, 0.53, 0.56, 0.53, 0.52, 0.8, 0.94, 0.65, 0.83, 0.84, 0.64, 0.59, 0.88, 0.62, 0.77, 0.57, 0.91, 0.69, 0.54, 0.9, 0.62, 0.53];

b1 = 800;
b2 = 1600;

Demand = [460, 475, 401, 477, 491, 473, 493, 483, 483, 438, 419, 442, 495, 478, 412, 435, 463, 411, 484, 428, 443, 478, 470, 440, 453, 461, 465, 458, 453, 457, 433, 492, 494, 409, 417, 479, 493, 485, 436, 448, 406, 428, 494, 401, 462, 419, 430, 437, 499, 455];