m = 50;
f1 = [2852, 2951, 3119, 2908, 3079, 3056, 3058, 3058, 3037, 3049, 3046, 2977, 3120, 3053, 3120, 2944, 2989, 2900, 3001, 3000, 3036, 3051, 3147, 3114, 3097, 2850, 3064, 2914, 3002, 2910, 3086, 2943, 2935, 2968, 2980, 3126, 3054, 2961, 3095, 2960, 3134, 2955, 3026, 3137, 2950, 2968, 2928, 3044, 2905, 3140];
f2 = [6063, 5951, 5967, 6068, 6167, 5869, 6011, 6107, 5880, 6036, 5897, 6086, 6024, 6164, 6030, 6113, 6106, 6196, 5850, 6041, 6172, 5860, 6086, 6113, 6085, 5979, 6053, 6007, 5910, 5957, 6165, 5984, 5998, 6058, 5967, 5986, 6047, 6174, 6119, 5884, 5945, 6039, 6180, 5959, 5865, 5945, 6129, 5908, 6109, 6053];

c1 = [0.65, 0.54, 0.73, 0.53, 0.56, 0.79, 0.99, 0.93, 0.77, 0.79, 0.61, 0.59, 0.65, 0.53, 0.58, 1, 0.52, 0.98, 0.84, 0.61, 0.95, 0.81, 0.9, 0.6, 0.59, 0.61, 0.98, 0.62, 0.83, 0.51, 0.94, 0.59, 0.56, 0.94, 0.69, 0.69, 0.84, 0.98, 0.53, 1, 0.69, 0.85, 0.97, 0.64, 0.56, 0.52, 0.98, 0.66, 0.96, 0.99];
c2 = [0.65, 0.54, 0.73, 0.53, 0.56, 0.79, 0.99, 0.93, 0.77, 0.79, 0.61, 0.59, 0.65, 0.53, 0.58, 1, 0.52, 0.98, 0.84, 0.61, 0.95, 0.81, 0.9, 0.6, 0.59, 0.61, 0.98, 0.62, 0.83, 0.51, 0.94, 0.59, 0.56, 0.94, 0.69, 0.69, 0.84, 0.98, 0.53, 1, 0.69, 0.85, 0.97, 0.64, 0.56, 0.52, 0.98, 0.66, 0.96, 0.99];

b1 = 1310;
b2 = 2570;

Demand = [515, 580, 505, 435, 484, 476, 483, 499, 533, 476, 574, 474, 578, 465, 521, 574, 488, 443, 526, 531, 471, 456, 573, 508, 451, 456, 593, 585, 595, 591, 411, 458, 479, 551, 550, 594, 510, 538, 427, 403, 434, 525, 415, 534, 577, 557, 453, 441, 491, 499];

