m = 50;
f1 = [2968, 3094, 2926, 2872, 3048, 2993, 3146, 3094, 3054, 3060, 2987, 3038, 2995, 3098, 3133, 2963, 3060, 2924, 3057, 3006, 2936, 3149, 2970, 2885, 3025, 2862, 2926, 2976, 3100, 2947, 2959, 2972, 3131, 3007, 2973, 2926, 2951, 2892, 3002, 2987, 2956, 2886, 2863, 2852, 2990, 2947, 2991, 2911, 3000, 2892];
f2 = [5919, 5918, 6193, 6141, 6107, 5934, 5927, 6065, 6162, 5925, 6188, 6134, 6042, 6199, 5959, 6050, 5853, 5869, 6188, 6181, 5997, 6173, 6174, 5893, 6114, 6009, 6130, 5850, 5917, 5944, 6012, 6093, 6111, 5998, 6181, 6048, 6139, 5890, 6037, 5978, 6046, 5950, 5866, 5853, 6100, 6056, 6091, 5991, 6104, 6185];

c1 = [0.58, 0.54, 0.95, 0.67, 0.52, 0.52, 0.72, 0.64, 0.74, 0.68, 0.95, 0.84, 0.5, 0.59, 0.59, 0.9, 0.69, 0.82, 0.62, 0.72, 0.69, 0.59, 0.92, 0.77, 0.84, 0.77, 0.89, 0.61, 0.76, 0.9, 0.69, 0.67, 0.78, 0.74, 0.85, 0.93, 0.85, 0.86, 0.9, 0.5, 0.81, 0.82, 0.99, 0.98, 0.7, 0.73, 0.76, 0.89, 0.53, 0.97];
c2 = [0.58, 0.54, 0.95, 0.67, 0.52, 0.52, 0.72, 0.64, 0.74, 0.68, 0.95, 0.84, 0.5, 0.59, 0.59, 0.9, 0.69, 0.82, 0.62, 0.72, 0.69, 0.59, 0.92, 0.77, 0.84, 0.77, 0.89, 0.61, 0.76, 0.9, 0.69, 0.67, 0.78, 0.74, 0.85, 0.93, 0.85, 0.86, 0.9, 0.5, 0.81, 0.82, 0.99, 0.98, 0.7, 0.73, 0.76, 0.89, 0.53, 0.97];

b1 = 1310;
b2 = 2570;

Demand = [599, 512, 506, 402, 417, 594, 453, 583, 598, 501, 485, 501, 586, 513, 516, 592, 439, 562, 596, 425, 590, 492, 506, 551, 422, 476, 404, 459, 545, 447, 553, 521, 574, 583, 451, 416, 457, 547, 515, 486, 559, 495, 584, 455, 424, 595, 446, 595, 519, 489];
