m = 50;
f1 = [2968, 3094, 2926, 2872, 3048, 2993, 3146, 3094, 3054, 3060, 2987, 3038, 2995, 3098, 3133, 2963, 3060, 2924, 3057, 3006, 2936, 3149, 2970, 2885, 3025, 2862, 2926, 2976, 3100, 2947, 2959, 2972, 3131, 3007, 2973, 2926, 2951, 2892, 3002, 2987, 2956, 2886, 2863, 2852, 2990, 2947, 2991, 2911, 3000, 2892];
f2 = [5919, 5918, 6193, 6141, 6107, 5934, 5927, 6065, 6162, 5925, 6188, 6134, 6042, 6199, 5959, 6050, 5853, 5869, 6188, 6181, 5997, 6173, 6174, 5893, 6114, 6009, 6130, 5850, 5917, 5944, 6012, 6093, 6111, 5998, 6181, 6048, 6139, 5890, 6037, 5978, 6046, 5950, 5866, 5853, 6100, 6056, 6091, 5991, 6104, 6185];

c1 = [0.65, 0.54, 0.73, 0.53, 0.56, 0.79, 0.99, 0.93, 0.77, 0.79, 0.61, 0.59, 0.65, 0.53, 0.58, 1, 0.52, 0.98, 0.84, 0.61, 0.95, 0.81, 0.9, 0.6, 0.59, 0.61, 0.98, 0.62, 0.83, 0.51, 0.94, 0.59, 0.56, 0.94, 0.69, 0.69, 0.84, 0.98, 0.53, 1, 0.69, 0.85, 0.97, 0.64, 0.56, 0.52, 0.98, 0.66, 0.96, 0.99];
c2 = [0.65, 0.54, 0.73, 0.53, 0.56, 0.79, 0.99, 0.93, 0.77, 0.79, 0.61, 0.59, 0.65, 0.53, 0.58, 1, 0.52, 0.98, 0.84, 0.61, 0.95, 0.81, 0.9, 0.6, 0.59, 0.61, 0.98, 0.62, 0.83, 0.51, 0.94, 0.59, 0.56, 0.94, 0.69, 0.69, 0.84, 0.98, 0.53, 1, 0.69, 0.85, 0.97, 0.64, 0.56, 0.52, 0.98, 0.66, 0.96, 0.99];

b1 = 1310;
b2 = 2570;

Demand = [515, 580, 505, 435, 484, 476, 483, 499, 533, 476, 574, 474, 578, 465, 521, 574, 488, 443, 526, 531, 471, 456, 573, 508, 451, 456, 593, 585, 595, 591, 411, 458, 479, 551, 550, 594, 510, 538, 427, 403, 434, 525, 415, 534, 577, 557, 453, 441, 491, 499];

