m = 75;
f1 = [3006, 3001, 2859, 3070, 2883, 2912, 2926, 3083, 2961, 3053, 3050, 3057, 2971, 2877, 3049, 2986, 2973, 3013, 3118, 2900, 3029, 3012, 2947, 3148, 2853, 2857, 2936, 3011, 3143, 2934, 3092, 2955, 2860, 3027, 3139, 3130, 2872, 2884, 2964, 2957, 2873, 3148, 3147, 2903, 3118, 2917, 3007, 3013, 3012, 3150, 2995, 3135, 3150, 2992, 2850, 2857, 3065, 2864, 3105, 3119, 3019, 3108, 3073, 3054, 3139, 2943, 3124, 3007, 3045, 3004, 3111, 2957, 2920, 3122, 3118];
f2 = [5873, 6016, 6002, 6127, 6099, 6150, 5867, 6035, 5990, 5858, 6156, 5979, 5856, 6113, 5964, 5998, 6081, 6099, 6157, 5982, 6131, 5950, 6154, 5968, 5911, 5955, 5875, 5975, 6007, 5904, 5994, 6192, 6077, 5960, 6091, 5998, 6170, 5895, 5861, 6110, 6176, 5955, 6078, 6022, 6194, 6059, 5936, 6041, 6155, 6116, 6175, 6052, 6157, 5980, 5973, 5870, 5866, 6013, 6099, 6004, 6180, 6078, 6191, 5912, 6045, 5931, 5954, 5943, 6098, 6040, 5984, 6077, 5937, 6108, 5964];

c1 = [0.9, 0.83, 0.54, 0.55, 0.68, 0.99, 0.64, 0.97, 0.57, 0.6, 0.64, 0.92, 0.88, 0.89, 0.82, 1, 0.89, 0.87, 0.52, 0.6, 0.98, 0.89, 0.89, 0.78, 0.73, 0.52, 0.77, 0.87, 0.57, 0.96, 0.78, 0.89, 0.77, 0.9, 0.75, 0.7, 0.59, 0.76, 0.88, 0.77, 0.75, 0.54, 0.97, 0.53, 0.87, 0.84, 0.89, 0.9, 0.58, 0.57, 0.94, 0.72, 0.78, 0.78, 0.87, 0.76, 0.63, 0.64, 0.88, 0.66, 0.61, 0.50, 0.98, 0.59, 0.77, 0.85, 0.96, 0.64, 0.81, 0.73, 0.69, 0.80, 0.62, 0.76, 0.71];
c2 = [0.9, 0.83, 0.54, 0.55, 0.68, 0.99, 0.64, 0.97, 0.57, 0.6, 0.64, 0.92, 0.88, 0.89, 0.82, 1, 0.89, 0.87, 0.52, 0.6, 0.98, 0.89, 0.89, 0.78, 0.73, 0.52, 0.77, 0.87, 0.57, 0.96, 0.78, 0.89, 0.77, 0.9, 0.75, 0.7, 0.59, 0.76, 0.88, 0.77, 0.75, 0.54, 0.97, 0.53, 0.87, 0.84, 0.89, 0.9, 0.58, 0.57, 0.94, 0.72, 0.78, 0.78, 0.87, 0.76, 0.63, 0.64, 0.88, 0.66, 0.61, 0.50, 0.98, 0.59, 0.77, 0.85, 0.96, 0.64, 0.81, 0.73, 0.69, 0.80, 0.62, 0.76, 0.71];

b1 = 1310;
b2 = 2570;

Demand = [428, 455, 407, 449, 572, 438, 452, 522, 519, 468, 427, 579, 422, 564, 582, 418, 470, 593, 426, 581, 505, 559, 599, 558, 525, 404, 436, 583, 420, 514, 428, 452, 466, 493, 440, 459, 496, 584, 491, 535, 429, 534, 550, 440, 514, 589, 439, 491, 444, 550, 448, 449, 568, 412, 448, 587, 430, 573, 563, 518, 467, 529, 555, 522, 471, 585, 550, 487, 426, 406, 574, 414, 455, 461, 439];

