m = 75;
f1 = [2882, 3075, 2888, 3017, 2910, 3035, 3073, 2974, 2923, 2881, 3069, 2964, 2870, 2943, 2850, 2890, 2946, 3137, 3121, 3016, 2920, 2992, 2884, 2866, 2995, 2881, 3034, 3135, 2889, 3127, 2919, 2988, 3132, 2854, 2955, 2985, 2990, 3068, 2900, 2949, 3103, 3069, 2871, 3023, 3132, 3020, 2985, 2955, 3140, 3147, 3110, 2928, 2910, 2890, 3052, 2919, 2982, 3132, 2907, 2995, 3100, 2913, 3035, 3119, 3116, 2898, 2884, 3059, 3041, 2955, 3060, 2902, 2892, 2910, 3020];
f2 = [5927, 5895, 5921, 5875, 5871, 6146, 5868, 5944, 6106, 5897, 6097, 6052, 6177, 6150, 5896, 5896, 6097, 6018, 5958, 6039, 6103, 6092, 6009, 6126, 5961, 6096, 6047, 6174, 6059, 6035, 5917, 5918, 6195, 6019, 6158, 6060, 5946, 6194, 5923, 5928, 6143, 5872, 5968, 6044, 6140, 5878, 6179, 6142, 6198, 5856, 6112, 6076, 5898, 5985, 5899, 6073, 6182, 6146, 5851, 5886, 5958, 6093, 5944, 6093, 6089, 5995, 6045, 5870, 6022, 5901, 6062, 6077, 6173, 6016, 6022];

c1 = [0.86, 0.64, 0.9, 0.82, 0.73, 0.83, 0.78, 0.54, 0.91, 0.54, 0.67, 0.96, 0.55, 0.58, 0.51, 0.68, 0.87, 0.78, 0.72, 0.8, 0.66, 0.78, 0.56, 0.56, 0.76, 0.51, 0.79, 0.72, 0.94, 0.92, 0.73, 0.82, 0.5, 0.93, 0.85, 0.55, 0.98, 0.76, 0.52, 0.98, 0.99, 0.5, 0.96, 0.92, 0.79, 0.92, 0.93, 0.83, 0.5, 0.82, 0.94, 0.75, 0.58, 0.85, 0.61, 0.80, 0.67, 0.56, 0.77, 0.75, 0.87, 0.70, 0.57, 0.51, 0.73, 0.89, 0.54, 0.59, 0.70, 0.90, 0.77, 0.94, 0.93, 0.72, 0.63];
c2 = [0.86, 0.64, 0.9, 0.82, 0.73, 0.83, 0.78, 0.54, 0.91, 0.54, 0.67, 0.96, 0.55, 0.58, 0.51, 0.68, 0.87, 0.78, 0.72, 0.8, 0.66, 0.78, 0.56, 0.56, 0.76, 0.51, 0.79, 0.72, 0.94, 0.92, 0.73, 0.82, 0.5, 0.93, 0.85, 0.55, 0.98, 0.76, 0.52, 0.98, 0.99, 0.5, 0.96, 0.92, 0.79, 0.92, 0.93, 0.83, 0.5, 0.82, 0.94, 0.75, 0.58, 0.85, 0.61, 0.80, 0.67, 0.56, 0.77, 0.75, 0.87, 0.70, 0.57, 0.51, 0.73, 0.89, 0.54, 0.59, 0.70, 0.90, 0.77, 0.94, 0.93, 0.72, 0.63];

b1 = 1310;
b2 = 2570;

Demand = [478, 426, 432, 590, 551, 464, 427, 548, 430, 411, 500, 589, 572, 446, 503, 542, 454, 483, 430, 448, 589, 400, 421, 436, 556, 535, 581, 497, 450, 551, 470, 560, 543, 516, 557, 413, 577, 510, 444, 562, 456, 505, 563, 452, 541, 598, 539, 434, 418, 576, 490, 519, 495, 553, 501, 444, 453, 505, 594, 498, 429, 519, 424, 421, 566, 543, 517, 452, 585, 401, 413, 588, 511, 550, 549];

