m = 75;
f1 = [2937, 2916, 3022, 3007, 2972, 3080, 3102, 2861, 2928, 2947, 3048, 3054, 2888, 2872, 2944, 3134, 3076, 2960, 2920, 2901, 3128, 2911, 3045, 2937, 2947, 3113, 3079, 2940, 3060, 2941, 2925, 3106, 3008, 3065, 3093, 3022, 2879, 3034, 3130, 3136, 2972, 2989, 3067, 2983, 3015, 2995, 2872, 2936, 3088, 3125, 2924, 3065, 2862, 2970, 2883, 2854, 2878, 3142, 3105, 2870, 3027, 3030, 3010, 2874, 3035, 2975, 3050, 2913, 2948, 3122, 3096, 2856, 3142, 2963, 3070];
f2 = [6052, 5977, 5930, 6114, 6109, 6067, 6181, 5908, 6128, 5896, 5873, 6118, 6156, 6198, 6074, 5922, 5999, 6002, 5978, 5879, 6135, 6092, 6084, 6068, 5970, 6034, 6197, 6196, 6071, 6151, 5963, 6184, 5856, 6034, 6034, 5888, 6061, 6130, 5922, 6015, 5893, 5895, 6007, 6173, 6115, 5881, 6091, 6042, 6012, 6011, 6199, 5923, 6010, 6138, 5984, 6000, 5979, 5976, 6181, 5895, 5891, 5992, 5856, 6160, 5986, 5963, 6026, 6054, 5864, 5984, 6053, 5911, 5864, 6010, 5981];

c1 = [0.66, 0.88, 0.78, 0.98, 0.88, 0.69, 0.78, 0.61, 0.54, 0.6, 0.69, 0.53, 0.79, 0.87, 0.95, 0.85, 0.94, 0.83, 0.72, 0.67, 0.91, 0.89, 0.71, 0.77, 0.69, 0.5, 0.68, 0.81, 0.68, 0.63, 0.76, 0.95, 0.59, 0.63, 0.95, 0.7, 0.67, 0.68, 0.85, 0.97, 0.61, 0.58, 0.97, 0.75, 0.73, 0.78, 0.69, 0.72, 0.8, 0.96, 0.94, 0.87, 0.71, 0.54, 0.82, 0.93, 0.55, 0.83, 0.63, 0.71, 0.72, 0.75, 0.62, 0.78, 0.92, 0.73, 0.96, 0.87, 0.76, 0.50, 0.78, 0.94, 0.53, 0.59, 0.91];
c2 = [0.66, 0.88, 0.78, 0.98, 0.88, 0.69, 0.78, 0.61, 0.54, 0.6, 0.69, 0.53, 0.79, 0.87, 0.95, 0.85, 0.94, 0.83, 0.72, 0.67, 0.91, 0.89, 0.71, 0.77, 0.69, 0.5, 0.68, 0.81, 0.68, 0.63, 0.76, 0.95, 0.59, 0.63, 0.95, 0.7, 0.67, 0.68, 0.85, 0.97, 0.61, 0.58, 0.97, 0.75, 0.73, 0.78, 0.69, 0.72, 0.8, 0.96, 0.94, 0.87, 0.71, 0.54, 0.82, 0.93, 0.55, 0.83, 0.63, 0.71, 0.72, 0.75, 0.62, 0.78, 0.92, 0.73, 0.96, 0.87, 0.76, 0.50, 0.78, 0.94, 0.53, 0.59, 0.91];

b1 = 1790;
b2 = 3470;

Demand = [583, 541, 591, 568, 591, 413, 421, 568, 579, 472, 535, 418, 417, 406, 573, 431, 496, 507, 597, 522, 504, 524, 515, 448, 490, 584, 404, 573, 568, 419, 557, 429, 590, 523, 413, 558, 565, 582, 561, 484, 577, 470, 581, 518, 600, 449, 457, 402, 501, 541, 462, 487, 527, 568, 565, 517, 558, 475, 552, 506, 522, 400, 428, 443, 556, 464, 478, 518, 436, 583, 528, 515, 582, 484, 538];

