m = 75;
f1 = [2937, 2916, 3022, 3007, 2972, 3080, 3102, 2861, 2928, 2947, 3048, 3054, 2888, 2872, 2944, 3134, 3076, 2960, 2920, 2901, 3128, 2911, 3045, 2937, 2947, 3113, 3079, 2940, 3060, 2941, 2925, 3106, 3008, 3065, 3093, 3022, 2879, 3034, 3130, 3136, 2972, 2989, 3067, 2983, 3015, 2995, 2872, 2936, 3088, 3125, 2924, 3065, 2862, 2970, 2883, 2854, 2878, 3142, 3105, 2870, 3027, 3030, 3010, 2874, 3035, 2975, 3050, 2913, 2948, 3122, 3096, 2856, 3142, 2963, 3070];
f2 = [6088, 5958, 6101, 5948, 6145, 6181, 6112, 5882, 6121, 5929, 6198, 6070, 6142, 6128, 5948, 5965, 6121, 6163, 6132, 5991, 6027, 6109, 6121, 5874, 6109, 6158, 5997, 6112, 6108, 6015, 5887, 5978, 5981, 6177, 6103, 5934, 6085, 6091, 5930, 5867, 6105, 6080, 5996, 6162, 5861, 5953, 5959, 6032, 6114, 6041, 6050, 6103, 5871, 6184, 6076, 6116, 6165, 6101, 5878, 6036, 6008, 5913, 6007, 6126, 5942, 5927, 5986, 5879, 5870, 5921, 6145, 6054, 6099, 6120, 6183];

c1 = [0.71, 0.89, 0.9, 0.82, 0.54, 0.62, 0.66, 0.67, 0.75, 0.99, 0.71, 0.72, 0.68, 0.83, 0.59, 0.96, 0.82, 0.71, 0.8, 0.98, 0.88, 0.8, 0.85, 0.9, 0.81, 0.67, 0.94, 0.57, 0.65, 0.68, 0.87, 0.76, 0.61, 0.85, 0.83, 0.67, 0.54, 0.78, 0.62, 0.99, 0.86, 0.96, 0.88, 0.92, 0.68, 0.56, 0.79, 0.6, 0.72, 0.55, 0.66, 0.68, 0.73, 0.91, 0.83, 0.78, 0.73, 0.84, 0.62, 0.98, 0.70, 0.71, 0.55, 0.64, 0.50, 0.62, 0.63, 0.63, 0.55, 0.51, 0.58, 0.96, 0.61, 0.65, 0.84];
c2 = [0.71, 0.89, 0.9, 0.82, 0.54, 0.62, 0.66, 0.67, 0.75, 0.99, 0.71, 0.72, 0.68, 0.83, 0.59, 0.96, 0.82, 0.71, 0.8, 0.98, 0.88, 0.8, 0.85, 0.9, 0.81, 0.67, 0.94, 0.57, 0.65, 0.68, 0.87, 0.76, 0.61, 0.85, 0.83, 0.67, 0.54, 0.78, 0.62, 0.99, 0.86, 0.96, 0.88, 0.92, 0.68, 0.56, 0.79, 0.6, 0.72, 0.55, 0.66, 0.68, 0.73, 0.91, 0.83, 0.78, 0.73, 0.84, 0.62, 0.98, 0.70, 0.71, 0.55, 0.64, 0.50, 0.62, 0.63, 0.63, 0.55, 0.51, 0.58, 0.96, 0.61, 0.65, 0.84];

b1 = 1790;
b2 = 3470;

Demand = [417, 516, 571, 484, 418, 583, 430, 447, 431, 474, 427, 496, 505, 435, 572, 507, 496, 468, 589, 418, 425, 501, 513, 428, 425, 441, 467, 491, 468, 569, 493, 510, 440, 487, 503, 538, 544, 457, 581, 468, 474, 489, 439, 564, 567, 463, 553, 582, 458, 545, 561, 482, 566, 457, 591, 532, 527, 471, 551, 592, 559, 450, 583, 554, 537, 428, 515, 448, 471, 597, 574, 466, 541, 536, 581];

