T = 40;

Demand = [559, 600, 490, 415, 573, 430, 402, 471, 411, 586, 447, 433, 485, 400, 472, 554, 593, 559, 542, 537, 475, 544, 576, 559, 579, 433, 443, 463, 596, 521, 486, 543, 417, 420, 424, 450, 599, 429, 434, 463];

p_t = [0.72, 0.8, 0.58, 0.85, 0.76, 0.5, 0.71, 0.7, 0.59, 0.84, 0.55, 0.58, 0.93, 0.62, 0.92, 0.58, 0.69, 0.68, 0.73, 0.99, 0.72, 0.68, 0.93, 0.68, 0.88, 0.74, 0.73, 0.63, 0.63, 0.79, 0.52, 0.62, 0.66, 0.76, 0.57, 0.69, 0.84, 0.85, 0.55, 0.83];

q1t = [2923, 2970, 2882, 2996, 2919, 3003, 3070, 2899, 2872, 3145, 3043, 3033, 2886, 2901, 2915, 3122, 2903, 3061, 2882, 3092, 2975, 3150, 2965, 3126, 3089, 3132, 3071, 3004, 2903, 2961, 3012, 3120, 3131, 2961, 3131, 3016, 2938, 2906, 2984, 3039];
q2t = [6068, 5962, 5968, 5912, 6120, 5991, 6050, 6085, 6197, 6037, 5963, 6168, 5978, 6184, 6153, 5937, 5887, 6054, 6144, 6010, 5888, 6034, 6139, 5956, 5968, 5959, 6084, 5882, 6045, 5881, 5850, 6101, 6017, 5978, 6190, 5940, 5915, 6012, 6015, 6018];
q3t = [9062, 9165, 8879, 9088, 8932, 9062, 9106, 8919, 9193, 9071, 9087, 8850, 9111, 8915, 9093, 9065, 9140, 9003, 9055, 9162, 8876, 9145, 8818, 9114, 8827, 9076, 8977, 8956, 9185, 9090, 8955, 8947, 8945, 9118, 9163, 9045, 9065, 8888, 9184, 8909];


C1 = 790;
C2 = 1650;
C3 = 2410;