T = 40;

Demand = [579, 499, 449, 485, 523, 564, 546, 532, 463, 533, 436, 478, 576, 444, 503, 580, 528, 563, 420, 464, 497, 481, 472, 464, 536, 428, 539, 417, 509, 427, 560, 496, 508, 435, 432, 515, 571, 441, 497, 412];

p_t = [0.9, 0.94, 0.77, 0.7, 0.72, 0.56, 0.79, 0.84, 0.63, 0.65, 0.78, 0.52, 0.78, 0.77, 0.7, 0.84, 0.55, 0.57, 0.6, 0.6, 0.76, 0.65, 0.89, 0.61, 0.58, 0.63, 0.74, 0.97, 0.68, 0.79, 0.72, 0.55, 0.74, 0.84, 0.97, 0.61, 0.66, 0.52, 0.61, 0.91];

q1t = [2923, 2970, 2882, 2996, 2919, 3003, 3070, 2899, 2872, 3145, 3043, 3033, 2886, 2901, 2915, 3122, 2903, 3061, 2882, 3092, 2975, 3150, 2965, 3126, 3089, 3132, 3071, 3004, 2903, 2961, 3012, 3120, 3131, 2961, 3131, 3016, 2938, 2906, 2984, 3039];
q2t = [6068, 5962, 5968, 5912, 6120, 5991, 6050, 6085, 6197, 6037, 5963, 6168, 5978, 6184, 6153, 5937, 5887, 6054, 6144, 6010, 5888, 6034, 6139, 5956, 5968, 5959, 6084, 5882, 6045, 5881, 5850, 6101, 6017, 5978, 6190, 5940, 5915, 6012, 6015, 6018];
q3t = [9062, 9165, 8879, 9088, 8932, 9062, 9106, 8919, 9193, 9071, 9087, 8850, 9111, 8915, 9093, 9065, 9140, 9003, 9055, 9162, 8876, 9145, 8818, 9114, 8827, 9076, 8977, 8956, 9185, 9090, 8955, 8947, 8945, 9118, 9163, 9045, 9065, 8888, 9184, 8909];


C1 = 670;
C2 = 1280;
C3 = 1970;