T = 40;

Demand = [537, 472, 408, 457, 430, 479, 549, 593, 416, 595, 548, 598, 427, 600, 433, 554, 529, 486, 465, 449, 579, 537, 504, 481, 489, 519, 430, 453, 532, 511, 588, 466, 439, 574, 417, 468, 496, 437, 443, 587];

p_t = [0.57, 0.57, 0.53, 0.72, 0.58, 0.81, 0.83, 0.64, 0.53, 0.9, 0.64, 0.91, 0.94, 0.88, 0.86, 0.52, 0.83, 0.52, 0.78, 0.77, 0.96, 0.57, 0.67, 0.82, 0.79, 0.81, 0.85, 0.54, 0.96, 0.6, 0.95, 0.76, 0.78, 0.94, 0.7, 0.61, 0.58, 0.72, 0.9, 0.64];

q1t = [3118, 2955, 2864, 3018, 3060, 2973, 2903, 2856, 2998, 2969, 2981, 2958, 2954, 3145, 2957, 3021, 2937, 2889, 3134, 2946, 2854, 2920, 3057, 2855, 3112, 2895, 2877, 2868, 3047, 2932, 2975, 3144, 3073, 3093, 2906, 3055, 2978, 3087, 2970, 2904];
q2t = [5924, 6105, 5944, 6098, 6183, 6088, 6158, 6076, 5923, 6102, 5946, 6040, 5887, 5904, 6111, 5934, 6037, 6050, 6052, 6016, 6163, 6170, 6042, 6130, 5951, 6174, 5964, 5944, 5966, 5860, 6153, 6169, 6123, 5991, 5987, 6173, 5985, 5988, 5937, 6043];
q3t = [9090, 9028, 9019, 9036, 8901, 8983, 9090, 9162, 9142, 9162, 8870, 9069, 9137, 9082, 8870, 8952, 9041, 8882, 9083, 9102, 8838, 8901, 9087, 8926, 8957, 8983, 9193, 8913, 9179, 9160, 9089, 8963, 9131, 9091, 9133, 9106, 8994, 8948, 9044, 8947];

C1 = 860;
C2 = 1650;
C3 = 2590;