T = 40;

Demand = [585, 423, 484, 576, 476, 413, 513, 464, 548, 433, 453, 476, 433, 426, 402, 477, 445, 442, 518, 583, 505, 433, 454, 425, 450, 409, 496, 494, 406, 493, 445, 442, 518, 583, 505, 476, 433, 426, 402, 477];

p_t = [0.77, 0.55, 0.89, 0.58, 0.78, 0.66, 0.7, 0.88, 0.7, 0.74, 0.63, 0.9, 0.79, 0.59, 0.54, 0.56, 0.58, 0.57, 0.61, 0.88, 0.89, 0.75, 0.75, 0.7, 0.77, 0.74, 0.99, 0.84, 0.73, 0.97, 0.88, 0.89, 0.75, 0.75, 0.7, 0.77, 0.74, 0.99, 0.84, 0.73];

q1t = [3006, 3136, 3023, 2993, 2963, 3017, 2976, 3146, 3127, 2984, 2939, 3088, 3050, 2940, 3052, 3024, 3127, 3059, 3091, 3125, 2931, 3008, 3134, 3053, 2943, 3140, 2976, 2886, 2855, 2891, 2940, 3052, 3024, 3127, 3059, 3091, 3125, 2931, 3008, 3134];
q2t = [6039, 6180, 6103, 6189, 6089, 5934, 5975, 6173, 5882, 6094, 6096, 5911, 5985, 6048, 6001, 6008, 5915, 6030, 5928, 5934, 5903, 6129, 5883, 5854, 6086, 6149, 6116, 5954, 6162, 6078, 6048, 6001, 6008, 5915, 6030, 5928, 5934, 5903, 6129, 5883];
q3t = [8849, 9106, 9063, 9135, 9053, 8976, 9142, 9096, 9031, 8998, 9083, 9136, 9187, 9024, 9125, 8980, 9064, 9149, 8961, 8915, 9119, 8995, 9175, 8891, 8898, 8830, 8890, 8922, 9181, 9033, 9024, 9125, 8980, 9064, 9149, 8961, 8915, 9119, 8995, 9175];

C1 = 860;
C2 = 1650;
C3 = 2590;