T = 40;

Demand = [472, 476, 583, 436, 410, 582, 463, 439, 453, 454, 489, 568, 472, 414, 558, 541, 565, 525, 453, 424, 516, 490, 463, 510, 579, 516, 574, 478, 440, 539, 418, 578, 430, 587, 406, 424, 575, 488, 512, 546];

p_t = [0.72, 0.8, 0.58, 0.85, 0.76, 0.5, 0.71, 0.7, 0.59, 0.84, 0.55, 0.58, 0.93, 0.62, 0.92, 0.58, 0.69, 0.68, 0.73, 0.99, 0.72, 0.68, 0.93, 0.68, 0.88, 0.74, 0.73, 0.63, 0.63, 0.79, 0.52, 0.62, 0.66, 0.76, 0.57, 0.69, 0.84, 0.85, 0.55, 0.83];

q1t = [3023, 2953, 2894, 3132, 3092, 3058, 2859, 3082, 3038, 3048, 3053, 3016, 2921, 2964, 3024, 3130, 2876, 2887, 3129, 3150, 2916, 3086, 3124, 2942, 3147, 2936, 2900, 3126, 3069, 3040, 2906, 2855, 3129, 3072, 3137, 2919, 3046, 2868, 2873, 2979];
q2t = [5871, 5970, 5872, 5871, 6079, 5991, 6117, 5914, 5885, 6088, 6005, 6196, 6074, 5900, 5948, 5853, 6013, 6047, 5969, 5867, 5973, 6027, 6031, 6159, 5855, 5859, 6002, 6007, 5962, 5888, 5903, 5858, 6148, 6198, 6183, 5952, 5896, 5877, 6016, 5877];
q3t = [9062, 9165, 8879, 9088, 8932, 9062, 9106, 8919, 9193, 9071, 9087, 8850, 9111, 8915, 9093, 9065, 9140, 9003, 9055, 9162, 8876, 9145, 8818, 9114, 8827, 9076, 8977, 8956, 9185, 9090, 8955, 8947, 8945, 9118, 9163, 9045, 9065, 8888, 9184, 8909];

C1 = 860;
C2 = 1650;
C3 = 2590;