T = 40;

Demand = [443, 552, 460, 450, 418, 433, 479, 508, 469, 499, 565, 414, 598, 419, 438, 429, 506, 587, 512, 520, 518, 412, 475, 406, 578, 506, 426, 411, 443, 426, 445, 422, 407, 542, 497, 441, 573, 425, 482, 513];

p_t = [0.73, 0.96, 0.82, 0.7, 0.82, 0.57, 0.79, 0.68, 0.85, 0.76, 0.72, 0.78, 0.91, 0.84, 0.94, 0.69, 0.84, 0.87, 0.78, 1, 0.84, 0.88, 0.86, 0.69, 0.86, 0.58, 0.99, 0.81, 0.9, 0.55, 0.78, 0.87, 0.73, 0.83, 0.66, 0.89, 0.52, 0.84, 0.66, 0.96];

q1t = [3118, 2955, 2864, 3018, 3060, 2973, 2903, 2856, 2998, 2969, 2981, 2958, 2954, 3145, 2957, 3021, 2937, 2889, 3134, 2946, 2854, 2920, 3057, 2855, 3112, 2895, 2877, 2868, 3047, 2932, 2975, 3144, 3073, 3093, 2906, 3055, 2978, 3087, 2970, 2904];
q2t = [5924, 6105, 5944, 6098, 6183, 6088, 6158, 6076, 5923, 6102, 5946, 6040, 5887, 5904, 6111, 5934, 6037, 6050, 6052, 6016, 6163, 6170, 6042, 6130, 5951, 6174, 5964, 5944, 5966, 5860, 6153, 6169, 6123, 5991, 5987, 6173, 5985, 5988, 5937, 6043];
q3t = [9090, 9028, 9019, 9036, 8901, 8983, 9090, 9162, 9142, 9162, 8870, 9069, 9137, 9082, 8870, 8952, 9041, 8882, 9083, 9102, 8838, 8901, 9087, 8926, 8957, 8983, 9193, 8913, 9179, 9160, 9089, 8963, 9131, 9091, 9133, 9106, 8994, 8948, 9044, 8947];

C1 = 860;
C2 = 1650;
C3 = 2590;